# Real-time Loop Closure Detection Results (Top-K=5)
# Check interval: every 5 frames
# Similarity metric: l2
# Similarity threshold: 0.5
# Min time difference: 100
# Total frames processed: 4541
# Total loop closures: 209
# Format: Query_Index Match_Index1 Similarity_Score Match_Index2 Similarity_Score Match_Index3 Similarity_Score Match_Index4 Similarity_Score Match_Index5 Similarity_Score
#==================================================
395 214 0.503631 -1 0.000000 -1 0.000000 -1 0.000000 -1 0.000000
980 783 0.532525 784 0.530947 785 0.520809 782 0.516409 786 0.510465
1570 127 0.590908 126 0.580437 128 0.572921 125 0.555834 129 0.547386
1575 129 0.826958 128 0.807511 130 0.803469 127 0.781013 131 0.742345
1580 134 0.900372 135 0.886477 133 0.864262 132 0.798633 136 0.796447
1585 140 0.907912 139 0.864058 141 0.773933 138 0.753636 137 0.674088
1590 145 0.949964 144 0.911404 146 0.897474 143 0.833927 147 0.828272
1595 150 0.973711 149 0.911474 151 0.901174 148 0.844173 152 0.783693
1600 156 0.904427 155 0.903416 157 0.851700 154 0.808139 158 0.768390
1605 161 0.970683 160 0.902916 162 0.863073 159 0.795726 163 0.722270
1610 166 0.924604 167 0.855756 165 0.766754 168 0.706792 169 0.620560
1615 172 0.870216 171 0.847474 173 0.714182 170 0.667679 174 0.596164
1620 177 0.961021 178 0.910796 176 0.863634 179 0.828512 180 0.735148
1625 183 0.874759 184 0.858932 182 0.848486 185 0.820363 181 0.811561
1630 191 0.943077 190 0.911839 192 0.895495 189 0.858965 188 0.803211
1635 193 0.538889 194 0.537250 192 0.507549 195 0.505431 -1 0.000000
1880 389 0.522290 390 0.521546 391 0.520529 387 0.513647 386 0.504073
2445 414 0.542861 413 0.537657 412 0.516110 -1 0.000000 -1 0.000000
2450 395 0.805693 396 0.785855 397 0.775538 398 0.760903 394 0.756066
2455 403 0.938785 404 0.935774 402 0.930049 401 0.925455 405 0.911817
2460 407 0.893460 408 0.891887 409 0.875495 406 0.872166 405 0.856516
2465 390 0.720095 407 0.719174 408 0.709804 391 0.704736 409 0.701073
2470 405 0.660892 400 0.656246 401 0.652864 404 0.649300 403 0.644490
2475 395 0.623560 405 0.619547 394 0.618645 400 0.608736 399 0.606120
2480 407 0.655660 408 0.649363 404 0.648109 409 0.647516 406 0.643601
2485 1814 0.559110 245 0.531138 390 0.530985 277 0.524579 278 0.524568
2490 409 0.534511 408 0.519988 410 0.515909 407 0.504206 406 0.503044
2540 250 0.524411 -1 0.000000 -1 0.000000 -1 0.000000 -1 0.000000
3055 865 0.523967 866 0.523187 867 0.518798 864 0.516335 869 0.500885
3295 2354 0.691807 2353 0.671951 2355 0.668491 2352 0.632277 2356 0.624586
3300 2357 0.858035 2356 0.814483 2358 0.798485 2355 0.752323 2354 0.720818
3305 2362 0.911547 2363 0.897665 2361 0.881755 2364 0.835886 2360 0.796303
3310 2366 0.900891 2367 0.858096 2365 0.833942 2368 0.755854 2364 0.723693
3315 2371 0.938975 2372 0.824819 2370 0.801881 2373 0.748712 2369 0.683473
3320 2376 0.956914 2375 0.860452 2377 0.828170 2378 0.766521 2374 0.713500
3325 2381 0.975150 2380 0.940928 2382 0.902208 2379 0.842615 2383 0.820246
3330 2386 0.966341 2385 0.931611 2387 0.844367 2384 0.770981 2388 0.733222
3335 2391 0.944327 2390 0.840094 2392 0.805671 2393 0.705072 2389 0.686744
3340 2396 0.950670 2395 0.909808 2397 0.842043 2394 0.828284 2393 0.739537
3345 2401 0.969423 2400 0.855913 2402 0.787846 2403 0.724501 2404 0.690601
3350 2406 0.978544 2405 0.918337 2407 0.859347 2404 0.827365 2408 0.782551
3355 2411 0.977368 2410 0.938022 2412 0.921262 2409 0.863062 2413 0.857576
3360 2416 0.963243 2415 0.953236 2417 0.887887 2414 0.855887 2418 0.783752
3365 2419 0.946327 2420 0.914733 2418 0.870901 2417 0.779008 2421 0.766555
3370 2423 0.916754 2422 0.905216 2424 0.886591 2421 0.820541 2425 0.790522
3375 2427 0.961743 2428 0.891090 2426 0.864040 2429 0.812880 2425 0.795833
3380 2431 0.948013 2432 0.891405 2430 0.842702 2429 0.720186 2433 0.709872
3385 2435 0.915825 2436 0.901691 2434 0.794278 2437 0.753041 2433 0.686581
3390 2440 0.964119 2441 0.895661 2439 0.785204 2442 0.767676 2438 0.644295
3395 2444 0.958536 2445 0.912725 2443 0.852477 2446 0.763603 2442 0.731093
3400 2448 0.964357 2447 0.879427 2449 0.864285 2450 0.761296 2446 0.737085
3405 2452 0.953681 2453 0.917747 398 0.912775 2451 0.906488 399 0.899639
3410 2455 0.974025 2456 0.942141 2454 0.936258 404 0.932440 403 0.931783
3415 408 0.940721 409 0.937898 410 0.926516 407 0.914967 411 0.890749
3420 414 0.943873 415 0.908427 413 0.867191 412 0.796802 416 0.772504
3425 420 0.897510 419 0.875610 421 0.761174 418 0.685967 422 0.560583
3430 425 0.962543 426 0.899945 424 0.854981 427 0.803048 428 0.709549
3435 431 0.953076 430 0.895330 432 0.857447 433 0.773221 429 0.761342
3440 436 0.902287 437 0.894334 435 0.799949 438 0.758723 439 0.665573
3445 442 0.959089 441 0.915838 443 0.902032 444 0.846811 440 0.812931
3450 447 0.968768 446 0.910496 448 0.902022 445 0.850109 444 0.770307
3455 452 0.965689 453 0.922965 454 0.877589 451 0.872956 455 0.814337
3460 457 0.978858 458 0.960548 456 0.908172 459 0.876836 455 0.831747
3465 463 0.950242 462 0.934883 464 0.868030 461 0.837266 460 0.785435
3470 468 0.955573 469 0.881280 467 0.849131 466 0.806744 465 0.788804
3475 474 0.967651 475 0.896261 473 0.849700 476 0.786315 472 0.769676
3480 481 0.943674 480 0.909762 482 0.819202 479 0.722050 483 0.681011
3485 487 0.939023 488 0.891092 486 0.828231 489 0.824729 490 0.743591
3490 494 0.953425 493 0.917298 495 0.875916 492 0.865043 491 0.797524
3495 500 0.939748 501 0.871283 499 0.799380 502 0.749505 498 0.706957
3500 507 0.958503 506 0.946547 508 0.882915 505 0.862330 509 0.801403
3505 513 0.963731 514 0.931959 512 0.910203 515 0.874547 511 0.838713
3510 520 0.870380 519 0.859612 518 0.806234 521 0.783112 517 0.739241
3515 525 0.891231 526 0.877503 524 0.858536 527 0.838064 523 0.816143
3520 533 0.896329 532 0.882346 534 0.876304 535 0.860363 536 0.858207
3525 560 0.918639 562 0.916694 559 0.916504 563 0.913272 561 0.910810
3530 570 0.942459 571 0.917426 569 0.910585 568 0.876720 572 0.859023
3535 575 0.930189 574 0.909799 573 0.859632 576 0.852746 572 0.785037
3540 579 0.921859 580 0.915954 578 0.808284 581 0.803538 577 0.685213
3545 584 0.952469 585 0.868306 583 0.800068 586 0.724712 582 0.635003
3550 589 0.943763 590 0.865851 588 0.784575 591 0.712010 587 0.622199
3555 595 0.953410 594 0.860902 596 0.838752 597 0.765646 593 0.723951
3560 601 0.939845 600 0.916573 602 0.891490 599 0.849329 603 0.801179
3565 606 0.971367 607 0.918345 605 0.886297 608 0.811582 604 0.794880
3570 612 0.953786 611 0.890805 613 0.850018 610 0.779774 609 0.712117
3575 618 0.948480 617 0.928460 619 0.869091 616 0.826472 620 0.778364
3580 624 0.943083 623 0.877494 625 0.789185 622 0.752605 626 0.690598
3585 629 0.915199 630 0.860765 628 0.784955 631 0.740934 627 0.667586
3590 635 0.941222 636 0.906330 637 0.856225 634 0.820197 638 0.814810
3595 641 0.950739 642 0.907781 640 0.881184 639 0.788377 643 0.784564
3600 647 0.966618 648 0.900520 646 0.883492 649 0.860142 645 0.826151
3605 653 0.936551 654 0.857247 652 0.852202 651 0.774769 655 0.760819
3610 659 0.955542 660 0.951212 658 0.876008 661 0.868958 662 0.827147
3615 666 0.951702 665 0.917504 667 0.868100 664 0.858535 668 0.821627
3620 672 0.940376 671 0.901365 673 0.856379 670 0.797204 674 0.749230
3625 678 0.917667 677 0.893078 679 0.842283 680 0.815543 681 0.724123
3630 683 0.919505 684 0.911754 685 0.798961 682 0.792562 686 0.744685
3635 689 0.915988 690 0.899802 691 0.809397 688 0.800773 687 0.727960
3640 695 0.967528 696 0.901614 694 0.873528 697 0.802342 693 0.794865
3645 701 0.967332 700 0.889854 702 0.849615 699 0.791378 703 0.737108
3650 707 0.936204 706 0.874035 708 0.832138 709 0.761187 705 0.757380
3655 713 0.915844 712 0.899822 714 0.846698 711 0.829125 715 0.753644
3660 719 0.922782 718 0.912374 720 0.891514 717 0.864545 721 0.854185
3665 723 0.867507 724 0.866037 725 0.852287 722 0.851691 721 0.831772
3670 728 0.845870 727 0.830098 729 0.816055 726 0.781184 730 0.759665
3675 734 0.874462 733 0.836876 735 0.825661 732 0.764546 736 0.736044
3680 740 0.854035 739 0.842146 741 0.736083 738 0.733961 737 0.595641
3685 745 0.842792 746 0.802977 744 0.711681 747 0.660055 743 0.533171
3690 751 0.862556 750 0.808966 752 0.731919 749 0.668445 753 0.631400
3695 755 0.901186 756 0.871833 754 0.864088 757 0.785818 753 0.784040
3700 760 0.936724 761 0.881186 759 0.868849 762 0.817402 758 0.758940
3705 765 0.899730 766 0.871146 764 0.813796 767 0.755707 763 0.730126
3710 771 0.922278 770 0.832772 769 0.765805 772 0.742121 768 0.705992
3715 776 0.957656 777 0.904428 775 0.903569 774 0.846191 778 0.832669
3720 782 0.964973 781 0.905567 783 0.893794 784 0.818487 780 0.797318
3725 788 0.957382 787 0.900642 789 0.837323 790 0.766142 786 0.752890
3730 794 0.950057 793 0.938733 795 0.832919 796 0.789865 792 0.775660
3735 800 0.924016 799 0.873988 801 0.806821 798 0.754241 802 0.630157
3740 806 0.917942 805 0.868785 807 0.804636 804 0.759045 803 0.686335
3745 812 0.965798 811 0.900848 813 0.868362 814 0.792416 810 0.766173
3750 818 0.941579 817 0.890383 819 0.867705 820 0.805717 821 0.774208
3755 824 0.943134 825 0.928791 823 0.921869 822 0.895567 826 0.888758
3760 830 0.962480 831 0.939825 829 0.924615 828 0.874456 832 0.864518
3765 837 0.962307 838 0.948779 836 0.908173 839 0.888238 835 0.843526
3770 845 0.971586 844 0.928325 846 0.914399 843 0.848287 847 0.843841
3775 852 0.985962 853 0.925306 851 0.887377 854 0.861159 850 0.762394
3780 859 0.936218 858 0.933321 860 0.839540 857 0.829371 856 0.760059
3785 865 0.970152 866 0.923901 867 0.886583 864 0.878336 868 0.855957
3790 871 0.954110 872 0.924196 873 0.859624 870 0.836202 874 0.765604
3795 877 0.949195 878 0.936055 876 0.848948 879 0.823777 880 0.739410
3800 883 0.947177 884 0.936672 882 0.858329 885 0.826776 881 0.745941
3805 889 0.953250 890 0.930925 888 0.858613 891 0.841291 887 0.785836
3810 895 0.970936 896 0.920846 894 0.884662 897 0.801413 893 0.781274
3815 901 0.957364 902 0.874005 900 0.834885 899 0.754270 903 0.678673
3820 907 0.969925 908 0.911163 906 0.902176 905 0.854455 904 0.798276
3825 913 0.955874 914 0.897983 912 0.838456 915 0.739433 911 0.716055
3830 920 0.951608 919 0.943780 921 0.888659 918 0.884652 917 0.824143
3835 926 0.874040 927 0.850713 925 0.846603 928 0.766197 924 0.762343
3840 935 0.920312 934 0.863062 936 0.862178 937 0.790261 933 0.777960
3845 941 0.566312 942 0.555200 940 0.551590 939 0.532617 943 0.505390
3855 860 0.526535 861 0.509016 859 0.504323 -1 0.000000 -1 0.000000
4075 3975 0.558073 -1 0.000000 -1 0.000000 -1 0.000000 -1 0.000000
4080 3977 0.605742 3976 0.586563 3978 0.581734 3975 0.542883 3980 0.530381
4085 3982 0.681058 3983 0.677406 3984 0.674516 3978 0.666537 3981 0.658692
4090 3977 0.689938 3983 0.686919 3984 0.679680 3982 0.674314 3978 0.674240
4095 3992 0.682871 3991 0.678577 3984 0.668130 3983 0.662914 3986 0.661987
4100 3982 0.691825 3983 0.685327 4000 0.684942 3984 0.684120 3992 0.682487
4105 4005 0.661006 4004 0.623873 4001 0.620220 4003 0.618353 3978 0.617667
4115 4015 0.506523 -1 0.000000 -1 0.000000 -1 0.000000 -1 0.000000
4120 4015 0.530984 4014 0.529695 4013 0.508367 -1 0.000000 -1 0.000000
4140 4014 0.530501 4015 0.517428 4013 0.506860 -1 0.000000 -1 0.000000
4145 4014 0.508752 -1 0.000000 -1 0.000000 -1 0.000000 -1 0.000000
4150 4014 0.508112 4013 0.504084 -1 0.000000 -1 0.000000 -1 0.000000
4170 4054 0.524662 4058 0.521211 4057 0.508091 4055 0.506416 -1 0.000000
4175 4013 0.523293 4014 0.521783 4073 0.514787 -1 0.000000 -1 0.000000
4180 4073 0.646503 4014 0.612556 4013 0.609904 4080 0.609385 4015 0.605645
4185 4014 0.648890 4013 0.648484 4015 0.597410 4082 0.586476 4081 0.567043
4190 4089 0.641141 4078 0.641035 4087 0.633523 4077 0.633514 4085 0.625437
4195 4014 0.595773 4088 0.591539 4013 0.581031 4089 0.539497 4087 0.536868
4200 4014 0.600540 4088 0.590626 4013 0.583090 4081 0.568814 4082 0.565675
4205 4095 0.553646 4079 0.543499 4096 0.540703 4097 0.539497 4078 0.538629
4210 4014 0.617833 4088 0.607078 4089 0.601981 4013 0.592983 4097 0.570284
4215 4087 0.542608 4098 0.529079 4101 0.523427 4088 0.521537 4089 0.517669
4220 4087 0.531840 4088 0.526986 4103 0.526306 4097 0.522882 4099 0.521998
4225 4123 0.580034 4125 0.579188 4118 0.558428 4119 0.556738 4120 0.556221
4230 4118 0.602207 4119 0.589050 4081 0.570868 4112 0.567199 4088 0.556428
4235 4087 0.616342 4078 0.606938 4079 0.603069 4085 0.599784 4103 0.599206
4240 4087 0.590659 4098 0.581226 4095 0.575871 4097 0.574372 4088 0.571518
4245 4088 0.658533 4089 0.605680 4125 0.596214 4144 0.594937 4087 0.594867
4250 4088 0.671302 4149 0.663083 4119 0.659756 4150 0.637173 4118 0.629944
4255 4088 0.665667 4141 0.636857 4140 0.634830 4087 0.631333 4089 0.630950
4260 4088 0.662872 4140 0.655209 4089 0.651098 4144 0.644188 4141 0.643053
4265 4086 0.674348 4087 0.654759 4085 0.632087 4091 0.622204 4084 0.619078
4270 4088 0.707067 4089 0.659110 4152 0.629954 4153 0.615623 4090 0.614237
4275 4106 0.683023 4103 0.653185 4101 0.648156 4087 0.647505 4089 0.647310
4280 4106 0.584829 4114 0.577825 4115 0.577168 4107 0.575548 4143 0.567950
4285 4174 0.649314 4140 0.646868 4173 0.638288 4139 0.633230 4118 0.617889
4290 4140 0.655740 4139 0.632027 4141 0.630187 4114 0.626864 4112 0.624060
4295 4144 0.655777 4142 0.643493 4143 0.642183 4140 0.637874 4139 0.634393
4300 4181 0.614760 4180 0.602606 4182 0.600820 4142 0.593824 4141 0.588520
4305 4139 0.594105 4119 0.582928 4140 0.579937 4201 0.556568 4154 0.551784
4310 4103 0.570732 4106 0.562755 4107 0.561814 4105 0.558870 4108 0.550803
4315 4140 0.602530 4141 0.591395 4139 0.589488 4172 0.577199 4173 0.572964
4320 4139 0.570569 4118 0.552537 4119 0.547665 4140 0.538744 4112 0.529263
4325 4142 0.556823 4143 0.547726 4107 0.544601 4115 0.544558 4106 0.537121
4330 4138 0.611738 4139 0.603990 4137 0.584912 4140 0.578645 4114 0.569756
4335 4138 0.550759 4137 0.549958 4136 0.532954 4139 0.527032 4229 0.520997
4340 4132 0.647454 4133 0.628244 4233 0.624365 4131 0.610155 4232 0.606324
4345 4139 0.621625 4140 0.617009 4138 0.606996 4141 0.602774 4142 0.590796
4350 4106 0.531897 4107 0.531702 4114 0.529999 4109 0.524025 4141 0.522867
4355 4139 0.504435 4114 0.502809 -1 0.000000 -1 0.000000 -1 0.000000
4450 0 0.544122 1 0.530901 -1 0.000000 -1 0.000000 -1 0.000000
4455 5 0.802847 4 0.789997 6 0.767724 3 0.743366 7 0.706526
4460 10 0.901856 11 0.884737 9 0.818631 12 0.806003 13 0.708719
4465 15 0.893380 16 0.865461 17 0.762652 14 0.710228 18 0.693071
4470 21 0.772417 20 0.771713 22 0.740428 19 0.699186 23 0.659106
4475 26 0.926944 27 0.873920 25 0.870866 28 0.809435 24 0.770804
4480 31 0.915100 32 0.914655 30 0.854522 33 0.839700 29 0.772671
4485 37 0.926263 36 0.872121 38 0.825661 35 0.767428 39 0.735210
4490 43 0.917843 42 0.907780 41 0.786257 44 0.767517 40 0.663580
4495 48 0.927164 49 0.872243 47 0.797394 50 0.782442 51 0.693956
4500 54 0.939113 55 0.855556 53 0.807903 56 0.718978 57 0.641053
4505 60 0.949776 59 0.861713 61 0.835113 58 0.768320 62 0.702696
4510 66 0.961586 65 0.881104 67 0.879570 68 0.786569 64 0.773645
4515 73 0.925108 72 0.870573 74 0.853650 71 0.777342 75 0.759087
4520 81 0.887925 80 0.885006 79 0.821062 82 0.812501 83 0.727810
4525 90 0.874685 91 0.864766 89 0.852851 92 0.830080 88 0.813698
4530 95 0.533117 96 0.522840 94 0.506121 -1 0.000000 -1 0.000000
4540 3558 0.517701 599 0.514539 3559 0.512004 598 0.506072 600 0.502483
