# Real-time Loop Closure Detection Results (Top-K=5)
# Check interval: every 5 frames
# Similarity metric: l2
# Similarity threshold: 0.5
# Min time difference: 100
# Total frames processed: 2761
# Total loop closures: 97
# Format: Query_Index Match_Index1 Similarity_Score Match_Index2 Similarity_Score Match_Index3 Similarity_Score Match_Index4 Similarity_Score Match_Index5 Similarity_Score
#==================================================
350 205 0.525289 206 0.519231 207 0.503650 -1 0.000000 -1 0.000000
740 571 0.556908 572 0.552699 570 0.504001 -1 0.000000 -1 0.000000
755 618 0.534422 617 0.501463 -1 0.000000 -1 0.000000 -1 0.000000
825 56 0.524713 55 0.513053 57 0.504116 -1 0.000000 -1 0.000000
830 56 0.583034 55 0.574140 57 0.569849 54 0.535242 58 0.533612
835 57 0.557158 58 0.556052 56 0.553207 55 0.547317 77 0.521937
840 77 0.539816 76 0.517576 75 0.509698 73 0.508454 78 0.500690
845 71 0.551135 72 0.543704 77 0.536244 78 0.530537 69 0.530511
855 59 0.503779 -1 0.000000 -1 0.000000 -1 0.000000 -1 0.000000
1145 334 0.567300 333 0.555787 335 0.532500 332 0.514777 -1 0.000000
1150 334 0.564347 335 0.524966 333 0.523582 336 0.516181 -1 0.000000
1315 559 0.709708 558 0.689580 560 0.686339 557 0.648545 561 0.647814
1320 562 0.831958 561 0.817994 563 0.809587 560 0.801627 559 0.769492
1325 567 0.846857 566 0.811341 568 0.777398 565 0.711073 564 0.644887
1330 571 0.899992 572 0.897947 570 0.785448 573 0.780136 574 0.680093
1335 577 0.943275 576 0.889627 578 0.818331 575 0.806064 574 0.762947
1340 582 0.960494 581 0.935787 583 0.874349 580 0.835667 584 0.771798
1345 587 0.979189 588 0.895817 586 0.884760 589 0.841700 585 0.774110
1350 592 0.949910 593 0.849169 591 0.779631 594 0.717888 590 0.654157
1355 598 0.910908 597 0.861331 599 0.700538 596 0.641531 600 0.600854
1360 603 0.955057 602 0.862303 604 0.749965 601 0.675810 605 0.668235
1365 608 0.986095 609 0.873289 607 0.809660 610 0.715634 606 0.693891
1370 613 0.963457 614 0.947305 612 0.860366 615 0.847135 611 0.839914
1375 619 0.959179 618 0.927475 620 0.821374 617 0.815223 616 0.755177
1380 624 0.978200 623 0.875264 625 0.845291 622 0.710125 621 0.634571
1385 629 0.976237 630 0.891779 628 0.855468 631 0.795095 632 0.696455
1390 634 0.961401 635 0.932713 633 0.875423 636 0.839091 632 0.814965
1395 640 0.964613 639 0.880592 641 0.806016 638 0.786584 637 0.679078
1400 645 0.984308 646 0.926754 647 0.854690 644 0.834897 648 0.786986
1405 651 0.958493 650 0.956869 652 0.883918 649 0.856376 653 0.762513
1410 656 0.988191 655 0.871509 657 0.858295 654 0.768653 658 0.711038
1415 662 0.942902 661 0.895870 663 0.789426 660 0.681985 664 0.654115
1420 667 0.989118 666 0.855013 668 0.789161 665 0.723227 664 0.631164
1425 673 0.906957 672 0.898929 671 0.774897 674 0.743891 670 0.643871
1430 678 0.954556 679 0.893107 680 0.796975 677 0.795917 681 0.723388
1435 684 0.952852 683 0.923342 685 0.892875 682 0.847442 686 0.831260
1440 689 0.925460 690 0.912155 688 0.878088 691 0.836927 687 0.796566
1445 695 0.926630 696 0.886787 694 0.859054 697 0.818801 693 0.744459
1450 701 0.912012 700 0.883193 702 0.818604 699 0.774937 703 0.717670
1455 706 0.950259 707 0.886767 705 0.856924 704 0.797903 708 0.786214
1460 712 0.951103 713 0.899047 714 0.830507 711 0.774202 716 0.703733
1465 718 0.978645 717 0.906072 719 0.879823 716 0.809813 720 0.772225
1470 724 0.962510 723 0.902435 722 0.837439 725 0.822497 721 0.771163
1475 729 0.933597 730 0.925589 731 0.802895 728 0.776945 727 0.684643
1480 735 0.961844 736 0.944205 737 0.829047 734 0.803867 733 0.699559
1485 741 0.981833 740 0.895220 742 0.889891 743 0.771961 744 0.720452
1490 746 0.945635 747 0.935221 748 0.852885 745 0.826049 749 0.756644
1495 752 0.962352 751 0.923503 753 0.838858 750 0.824301 749 0.751925
1500 757 0.953491 758 0.859773 756 0.839310 759 0.789463 755 0.729768
1505 761 0.830145 760 0.828041 762 0.774507 759 0.771074 758 0.731706
1510 768 0.637090 769 0.632626 770 0.600679 772 0.598282 767 0.592046
1515 775 0.541289 774 0.532126 773 0.519291 776 0.511916 772 0.503627
1520 779 0.711754 778 0.696785 780 0.695369 777 0.676513 776 0.664201
1525 783 0.876893 782 0.859447 784 0.852517 781 0.801440 785 0.785257
1530 786 0.835909 787 0.813240 785 0.801679 788 0.775875 789 0.732840
1535 786 0.736495 787 0.724636 785 0.708293 788 0.705014 789 0.684722
1540 786 0.637276 785 0.634283 787 0.617077 788 0.597394 784 0.591783
1545 786 0.565776 785 0.563756 787 0.544014 788 0.526371 784 0.520826
1655 1460 0.506599 -1 0.000000 -1 0.000000 -1 0.000000 -1 0.000000
1865 1246 0.508609 1245 0.505165 1247 0.503262 -1 0.000000 -1 0.000000
2425 26 0.568608 27 0.567888 25 0.561672 24 0.547615 28 0.546084
2430 27 0.700979 28 0.698860 29 0.686740 30 0.681974 26 0.671285
2435 32 0.860100 33 0.857680 31 0.843459 34 0.830124 30 0.799659
2440 37 0.922565 36 0.867276 38 0.851452 35 0.772362 39 0.771616
2445 42 0.931290 41 0.872377 43 0.867760 44 0.803293 40 0.756855
2450 48 0.922157 47 0.909230 46 0.854003 49 0.806100 45 0.771559
2455 53 0.893823 54 0.841902 52 0.834911 51 0.798349 55 0.777554
2460 58 0.940284 57 0.891933 59 0.827437 56 0.792193 55 0.727381
2465 63 0.945309 64 0.890541 62 0.820066 65 0.802813 66 0.707190
2470 69 0.929394 68 0.922592 70 0.876697 67 0.856430 71 0.817441
2475 74 0.946528 73 0.927589 75 0.880682 72 0.859009 76 0.816759
2480 79 0.916543 78 0.895863 80 0.844438 77 0.816315 81 0.783335
2485 84 0.945340 83 0.899415 82 0.822491 85 0.807929 81 0.779328
2490 89 0.949076 88 0.922546 90 0.868814 87 0.845476 91 0.823003
2495 94 0.947811 93 0.915100 95 0.889041 92 0.861660 96 0.833734
2500 100 0.898733 99 0.883145 98 0.844231 101 0.834801 97 0.826627
2505 106 0.783609 105 0.761003 107 0.721220 104 0.699553 108 0.648017
2510 117 0.936668 118 0.911774 116 0.908167 115 0.878036 119 0.862708
2515 121 0.575162 120 0.571859 122 0.553818 119 0.553645 118 0.534336
2530 78 0.507258 73 0.503355 77 0.501458 -1 0.000000 -1 0.000000
2540 98 0.524296 90 0.524130 56 0.524051 99 0.522104 57 0.508167
2545 93 0.528153 87 0.520967 91 0.514128 94 0.512620 92 0.510471
2550 93 0.529385 92 0.524162 91 0.509502 94 0.509420 90 0.501487
2555 862 0.503854 861 0.503513 863 0.503327 20 0.503241 -1 0.000000
2580 822 0.673271 823 0.670174 821 0.650060 824 0.632071 820 0.617059
2585 824 0.876440 823 0.864270 825 0.844281 822 0.820860 826 0.809030
2590 830 0.894866 831 0.880083 829 0.842192 832 0.815738 828 0.790087
2595 838 0.895470 837 0.894164 836 0.828540 839 0.800268 835 0.791832
2600 844 0.931745 845 0.925159 843 0.856527 846 0.845270 842 0.790911
2605 851 0.931293 852 0.905713 850 0.904142 849 0.859760 853 0.850849
2610 857 0.858050 858 0.832295 856 0.817484 859 0.806858 860 0.797300
2615 864 0.897463 863 0.896170 865 0.894352 866 0.865344 862 0.849348
2620 870 0.713393 869 0.706335 871 0.693812 868 0.674477 872 0.657823
2625 880 0.536144 879 0.526240 881 0.524500 882 0.514658 878 0.509822
2665 2557 0.580298 2556 0.575388 2559 0.566293 2558 0.554214 25 0.534248
2670 2559 0.532512 25 0.520881 2560 0.517512 2558 0.508211 26 0.507366
2675 25 0.530210 26 0.527369 27 0.521545 30 0.513792 29 0.511312
