# Real-time Loop Closure Detection Results (Top-K=5)
# Check interval: every 5 frames
# Similarity metric: l2
# Similarity threshold: 0.5
# Min time difference: 100
# Total frames processed: 4071
# Total loop closures: 119
# Format: Query_Index Match_Index1 Similarity_Score Match_Index2 Similarity_Score Match_Index3 Similarity_Score Match_Index4 Similarity_Score Match_Index5 Similarity_Score
#==================================================
230 130 0.510038 129 0.506349 -1 0.000000 -1 0.000000 -1 0.000000
235 120 0.564302 121 0.560593 118 0.560497 119 0.553583 123 0.553100
240 122 0.593472 123 0.589640 121 0.572538 124 0.570373 118 0.562740
245 125 0.605754 126 0.602392 127 0.596193 129 0.592539 136 0.587556
250 131 0.587441 132 0.577730 133 0.576182 130 0.573677 129 0.570856
255 143 0.522626 142 0.510520 -1 0.000000 -1 0.000000 -1 0.000000
285 135 0.536656 134 0.527233 137 0.524907 136 0.512342 140 0.506809
300 167 0.510295 174 0.509856 -1 0.000000 -1 0.000000 -1 0.000000
305 179 0.519868 -1 0.000000 -1 0.000000 -1 0.000000 -1 0.000000
320 133 0.507226 -1 0.000000 -1 0.000000 -1 0.000000 -1 0.000000
325 118 0.513940 119 0.507231 112 0.502876 113 0.501172 120 0.500995
335 120 0.529890 119 0.528225 118 0.525620 121 0.515636 234 0.506807
340 233 0.638828 231 0.638818 232 0.635015 230 0.624998 234 0.622280
345 231 0.611737 234 0.608863 130 0.607015 233 0.602567 232 0.599681
350 143 0.547496 250 0.545143 144 0.537420 132 0.536288 142 0.536082
360 196 0.503272 -1 0.000000 -1 0.000000 -1 0.000000 -1 0.000000
365 200 0.527252 201 0.506333 216 0.503058 218 0.502335 -1 0.000000
375 222 0.524069 263 0.519838 201 0.518241 223 0.517778 200 0.509613
380 220 0.561160 221 0.558995 219 0.557753 222 0.541222 218 0.540269
390 271 0.504147 -1 0.000000 -1 0.000000 -1 0.000000 -1 0.000000
635 532 0.531087 531 0.511875 533 0.511153 530 0.500093 -1 0.000000
955 844 0.505316 845 0.502621 -1 0.000000 -1 0.000000 -1 0.000000
965 100 0.504742 -1 0.000000 -1 0.000000 -1 0.000000 -1 0.000000
1025 100 0.506879 459 0.506867 99 0.503789 460 0.503190 461 0.502114
1030 99 0.507247 98 0.502360 -1 0.000000 -1 0.000000 -1 0.000000
1035 787 0.533791 99 0.532837 786 0.521910 98 0.515258 788 0.508093
1040 787 0.501039 -1 0.000000 -1 0.000000 -1 0.000000 -1 0.000000
1170 568 0.554170 569 0.548561 567 0.534074 601 0.524505 566 0.519924
1175 568 0.618890 569 0.598894 567 0.595972 570 0.568180 571 0.563010
1180 548 0.619099 549 0.600958 547 0.598471 601 0.593146 600 0.592601
1185 549 0.501792 -1 0.000000 -1 0.000000 -1 0.000000 -1 0.000000
1190 601 0.517064 597 0.512208 600 0.509102 599 0.506948 598 0.504704
1195 599 0.532720 597 0.524441 600 0.520993 598 0.520515 596 0.513766
1200 601 0.578905 600 0.576602 602 0.566702 603 0.556506 599 0.547284
1205 537 0.509150 540 0.508154 539 0.502687 536 0.502492 -1 0.000000
1230 548 0.533395 532 0.523035 531 0.508744 549 0.507198 541 0.506822
1235 541 0.519159 -1 0.000000 -1 0.000000 -1 0.000000 -1 0.000000
1255 581 0.523365 578 0.512707 577 0.509701 576 0.502521 580 0.501604
1460 1337 0.594545 1338 0.587750 1339 0.586332 1336 0.586128 1340 0.584513
1465 1342 0.530535 1341 0.526532 1337 0.517186 1339 0.515592 1340 0.514221
1480 988 0.517516 987 0.515875 989 0.512440 986 0.511466 990 0.504916
1525 1335 0.547230 1336 0.543807 1337 0.539466 1338 0.523605 1334 0.520999
1530 1344 0.592138 1343 0.577028 1342 0.572578 1345 0.569876 1346 0.540374
1535 1344 0.518946 1345 0.509585 1342 0.502510 1343 0.502112 -1 0.000000
1545 1443 0.640003 1444 0.629172 1445 0.623654 1442 0.612011 1441 0.575363
1550 1450 0.587912 1445 0.575197 1449 0.574605 1447 0.569396 1448 0.567199
1555 1453 0.617329 1454 0.609408 1452 0.596657 1455 0.592466 1449 0.591474
1560 1358 0.599231 1357 0.585052 1359 0.581009 1366 0.554668 1356 0.544380
1570 1364 0.508524 1363 0.506474 -1 0.000000 -1 0.000000 -1 0.000000
1580 1475 0.504273 1476 0.503819 -1 0.000000 -1 0.000000 -1 0.000000
1585 1483 0.565813 1484 0.564971 1482 0.559974 1485 0.556863 1477 0.554743
1590 1490 0.578318 1489 0.577229 1485 0.573576 1484 0.569956 1486 0.567487
1595 1490 0.562332 1489 0.559613 1491 0.556880 1488 0.549273 1492 0.542521
1600 1491 0.500011 -1 0.000000 -1 0.000000 -1 0.000000 -1 0.000000
1770 671 0.514683 672 0.503891 673 0.503364 -1 0.000000 -1 0.000000
1995 1671 0.513467 -1 0.000000 -1 0.000000 -1 0.000000 -1 0.000000
2000 1680 0.513793 1678 0.506432 -1 0.000000 -1 0.000000 -1 0.000000
2405 2209 0.631061 2210 0.622593 2208 0.614071 2206 0.594348 2211 0.588218
2410 2210 0.590273 2209 0.580142 2211 0.574557 2208 0.562637 2206 0.552982
2415 2210 0.500290 -1 0.000000 -1 0.000000 -1 0.000000 -1 0.000000
2425 2211 0.584789 2210 0.576652 2209 0.544222 2212 0.533981 2208 0.519042
2755 2655 0.519296 -1 0.000000 -1 0.000000 -1 0.000000 -1 0.000000
2760 2656 0.515859 2655 0.514371 2657 0.505775 2659 0.504291 -1 0.000000
2765 2665 0.519013 -1 0.000000 -1 0.000000 -1 0.000000 -1 0.000000
2835 2666 0.532098 2665 0.528526 2667 0.511714 2663 0.505473 2664 0.504384
3040 1570 0.521420 1569 0.513578 1568 0.503966 1571 0.503736 -1 0.000000
3090 265 0.515808 266 0.513087 -1 0.000000 -1 0.000000 -1 0.000000
3095 266 0.512328 274 0.505981 265 0.503029 -1 0.000000 -1 0.000000
3110 2989 0.534158 2991 0.524447 2990 0.523480 2988 0.517653 2987 0.509702
3115 2985 0.553171 2989 0.548702 2990 0.547743 2991 0.546778 2998 0.540343
3140 3026 0.556194 3027 0.553871 3028 0.538871 3016 0.526674 3015 0.519989
3145 3027 0.559079 3028 0.536738 3029 0.525541 3026 0.518330 3030 0.514353
3180 3075 0.529314 3076 0.516404 3074 0.506547 3072 0.503278 3078 0.501707
3185 3027 0.559103 3026 0.552391 3033 0.542960 3028 0.533002 3083 0.528660
3190 3087 0.561726 3088 0.559565 3085 0.558913 3084 0.546470 3080 0.542763
3195 3075 0.529003 3085 0.527293 3076 0.513290 3084 0.512150 3086 0.511075
3200 3027 0.524309 3093 0.524172 3088 0.518208 3087 0.517235 3085 0.507291
3205 3027 0.534988 3028 0.525378 3095 0.519258 3093 0.514995 3094 0.511667
3215 3105 0.591163 3104 0.590847 3098 0.585816 3099 0.577147 3097 0.576441
3220 3093 0.701986 3094 0.680420 3095 0.669971 3096 0.664004 3098 0.661139
3225 3096 0.653035 3095 0.640776 3098 0.640101 3099 0.638846 3097 0.635836
3230 3096 0.560715 3103 0.555389 3104 0.550825 3097 0.550379 3105 0.544711
3235 3114 0.670413 3113 0.655809 3112 0.627175 3111 0.623209 3115 0.617719
3240 3093 0.672270 3092 0.660486 3094 0.640649 3087 0.639904 3098 0.637361
3250 3114 0.527793 3113 0.525626 -1 0.000000 -1 0.000000 -1 0.000000
3280 3146 0.596291 3145 0.579466 3144 0.573782 3147 0.560080 3180 0.543752
3285 3179 0.532365 3178 0.531704 3180 0.520410 3177 0.514347 3181 0.509872
3290 3087 0.569423 3088 0.566549 3086 0.563460 3092 0.553844 3085 0.551632
3295 3095 0.625913 3096 0.614018 3094 0.601070 3097 0.593637 3098 0.583060
3300 3095 0.678995 3096 0.660206 3094 0.655350 3097 0.647040 3098 0.645528
3305 3148 0.624347 3149 0.622236 3147 0.582151 3150 0.573925 3105 0.556995
3310 3181 0.582461 3180 0.571823 3182 0.555711 3207 0.554718 3179 0.554663
3315 3124 0.515898 3182 0.509943 3125 0.508213 3139 0.507971 3140 0.506137
3320 3184 0.633460 3187 0.626327 3185 0.620428 3124 0.618457 3140 0.615682
3325 3182 0.672243 3181 0.671410 3180 0.664295 3219 0.639539 3220 0.637429
3330 3133 0.592450 3132 0.579511 3134 0.579183 3135 0.572286 3136 0.560579
3335 3123 0.536550 3124 0.536048 3137 0.535836 3136 0.532997 3122 0.531421
3345 3215 0.551578 3214 0.538615 3192 0.531000 3194 0.520909 3195 0.519434
3350 3215 0.615564 3214 0.590995 3217 0.572867 3216 0.570117 3227 0.530869
3355 3218 0.601460 3215 0.597987 3217 0.595175 3216 0.588798 3180 0.580869
3360 3200 0.518412 3201 0.507406 3184 0.506398 3183 0.505767 3199 0.502207
3375 3232 0.507374 3230 0.503956 3227 0.501043 -1 0.000000 -1 0.000000
3380 3227 0.556361 3225 0.550622 3226 0.548342 3228 0.542264 3230 0.538016
3555 2442 0.500416 -1 0.000000 -1 0.000000 -1 0.000000 -1 0.000000
3590 3490 0.628945 3489 0.617486 3488 0.521166 -1 0.000000 -1 0.000000
3595 3491 0.518672 -1 0.000000 -1 0.000000 -1 0.000000 -1 0.000000
3665 3491 0.629292 3490 0.628850 3554 0.601699 3489 0.590095 3555 0.570557
3670 3491 0.544903 3493 0.542590 3490 0.531165 3492 0.523827 -1 0.000000
3690 3481 0.535495 3480 0.531369 3482 0.527512 3479 0.508186 -1 0.000000
3695 3479 0.524870 3480 0.522501 3478 0.520423 3476 0.517370 -1 0.000000
3700 3492 0.566489 3491 0.563461 3493 0.559573 3490 0.549508 3590 0.543408
3705 2443 0.516532 2441 0.514775 2444 0.513192 2442 0.504174 2445 0.500215
4000 994 0.503961 -1 0.000000 -1 0.000000 -1 0.000000 -1 0.000000
4010 994 0.506795 -1 0.000000 -1 0.000000 -1 0.000000 -1 0.000000
4020 994 0.510866 -1 0.000000 -1 0.000000 -1 0.000000 -1 0.000000
4030 994 0.513574 996 0.506858 997 0.504590 995 0.503227 999 0.501504
4035 994 0.543937 997 0.541030 998 0.538956 996 0.538917 995 0.538013
4040 1011 0.538405 1010 0.532718 1009 0.529671 1008 0.528003 1006 0.521899
4045 1011 0.532674 1012 0.519838 1013 0.515833 1010 0.515224 1009 0.510140
