# Real-time Loop Closure Detection Results (Top-K=5)
# Check interval: every 5 frames
# Similarity metric: l2
# Similarity threshold: 0.5
# Min time difference: 100
# Total frames processed: 4661
# Total loop closures: 290
# Format: Query_Index Match_Index1 Similarity_Score Match_Index2 Similarity_Score Match_Index3 Similarity_Score Match_Index4 Similarity_Score Match_Index5 Similarity_Score
#==================================================
390 195 0.504423 -1 0.000000 -1 0.000000 -1 0.000000 -1 0.000000
400 70 0.554768 69 0.549795 71 0.539407 77 0.525554 78 0.515671
405 70 0.578755 71 0.571032 69 0.561611 162 0.538446 78 0.531131
410 168 0.539887 66 0.508328 167 0.505867 169 0.504490 76 0.502085
415 178 0.526583 179 0.516846 168 0.511686 180 0.504076 142 0.500840
420 78 0.508312 66 0.505677 79 0.504066 -1 0.000000 -1 0.000000
425 185 0.549615 184 0.547437 183 0.533951 182 0.521865 77 0.512965
485 227 0.533307 226 0.533271 228 0.522065 229 0.519060 225 0.506616
610 397 0.558102 398 0.554323 396 0.541754 389 0.539157 399 0.527004
615 398 0.516741 397 0.516602 389 0.504579 -1 0.000000 -1 0.000000
650 397 0.558432 389 0.555483 395 0.555047 396 0.553888 398 0.550623
715 580 0.518249 579 0.514843 590 0.510110 -1 0.000000 -1 0.000000
725 587 0.520348 -1 0.000000 -1 0.000000 -1 0.000000 -1 0.000000
775 670 0.526642 672 0.510909 673 0.509758 669 0.507142 675 0.505711
855 705 0.511711 725 0.511473 733 0.502468 -1 0.000000 -1 0.000000
865 734 0.587545 736 0.575588 735 0.572211 716 0.554636 733 0.551759
870 719 0.529457 717 0.523422 718 0.512997 716 0.512362 732 0.505114
875 384 0.514378 383 0.501341 -1 0.000000 -1 0.000000 -1 0.000000
880 384 0.540641 386 0.537393 385 0.533531 383 0.532009 382 0.529100
885 384 0.514072 385 0.504174 383 0.501702 155 0.500262 -1 0.000000
890 155 0.538316 154 0.521459 156 0.510463 -1 0.000000 -1 0.000000
895 145 0.507764 80 0.506628 81 0.504320 155 0.503794 -1 0.000000
900 73 0.544794 72 0.525377 74 0.522809 -1 0.000000 -1 0.000000
905 73 0.508585 74 0.504090 -1 0.000000 -1 0.000000 -1 0.000000
925 235 0.501620 -1 0.000000 -1 0.000000 -1 0.000000 -1 0.000000
935 384 0.525141 385 0.523098 383 0.505115 382 0.501051 -1 0.000000
965 225 0.500134 -1 0.000000 -1 0.000000 -1 0.000000 -1 0.000000
1340 1041 0.515926 1040 0.507785 -1 0.000000 -1 0.000000 -1 0.000000
1510 382 0.519694 383 0.507941 -1 0.000000 -1 0.000000 -1 0.000000
1515 382 0.504119 -1 0.000000 -1 0.000000 -1 0.000000 -1 0.000000
1540 935 0.508094 934 0.502935 -1 0.000000 -1 0.000000 -1 0.000000
1545 767 0.524672 735 0.520524 763 0.513492 734 0.513015 764 0.512537
1550 735 0.549010 736 0.540518 734 0.536092 -1 0.000000 -1 0.000000
1555 734 0.553866 735 0.552896 382 0.544323 736 0.528421 368 0.527707
1560 733 0.500601 -1 0.000000 -1 0.000000 -1 0.000000 -1 0.000000
1565 942 0.508691 944 0.500672 -1 0.000000 -1 0.000000 -1 0.000000
1610 1504 0.509099 1503 0.503169 -1 0.000000 -1 0.000000 -1 0.000000
1615 1509 0.530596 1508 0.521876 1492 0.519042 1491 0.515047 1511 0.511903
1620 1486 0.581660 1485 0.577593 1484 0.565697 1483 0.554282 1517 0.547143
1625 1486 0.508672 1491 0.503447 1464 0.502166 1492 0.502132 1490 0.500428
1630 1496 0.531494 1495 0.526420 1493 0.522546 1492 0.522241 1494 0.521669
1635 1496 0.504475 1487 0.504133 1497 0.500009 -1 0.000000 -1 0.000000
1645 1485 0.610926 1484 0.610028 1486 0.584129 1483 0.580042 1544 0.578908
1650 1474 0.612026 1473 0.603564 1475 0.602964 1472 0.594469 1484 0.589306
1665 1508 0.528596 1507 0.512330 1509 0.505642 -1 0.000000 -1 0.000000
1680 350 0.545695 349 0.541283 351 0.540472 346 0.532518 352 0.530530
1685 351 0.587790 350 0.572945 352 0.572641 346 0.567755 353 0.562842
1690 337 0.625248 338 0.622248 339 0.618955 341 0.606987 340 0.606397
1695 1544 0.597810 1543 0.592296 353 0.575683 337 0.574584 352 0.565815
1700 338 0.505920 337 0.503423 339 0.500558 -1 0.000000 -1 0.000000
1800 373 0.518538 -1 0.000000 -1 0.000000 -1 0.000000 -1 0.000000
1805 244 0.515759 243 0.504207 -1 0.000000 -1 0.000000 -1 0.000000
1815 1264 0.548964 1265 0.544384 1266 0.520833 1263 0.520615 1267 0.513318
1825 229 0.545146 228 0.538414 227 0.537728 226 0.537653 223 0.535998
1830 1264 0.520803 1265 0.512592 230 0.511072 231 0.503826 -1 0.000000
1835 230 0.546878 229 0.541074 231 0.527732 228 0.525695 227 0.518129
1840 230 0.515325 1265 0.513327 1264 0.512867 231 0.507507 229 0.504433
1845 230 0.528069 229 0.527272 231 0.514084 228 0.507575 226 0.500503
1850 229 0.589518 230 0.585989 228 0.583562 227 0.580514 226 0.578508
1855 233 0.566186 234 0.558626 232 0.555434 230 0.548923 235 0.545497
1860 964 0.543970 223 0.542559 224 0.541808 225 0.535582 222 0.532246
1865 230 0.571903 229 0.571279 964 0.558738 231 0.556949 228 0.546749
1870 229 0.503542 230 0.503066 -1 0.000000 -1 0.000000 -1 0.000000
1935 1078 0.526758 1079 0.524779 1077 0.516322 1080 0.512539 1081 0.501114
1940 1816 0.516447 1832 0.502345 -1 0.000000 -1 0.000000 -1 0.000000
1945 1816 0.547997 1817 0.528166 1815 0.504337 -1 0.000000 -1 0.000000
1950 1817 0.500127 -1 0.000000 -1 0.000000 -1 0.000000 -1 0.000000
1960 1816 0.501014 -1 0.000000 -1 0.000000 -1 0.000000 -1 0.000000
1965 1079 0.516271 1080 0.505485 -1 0.000000 -1 0.000000 -1 0.000000
1970 1079 0.529667 1080 0.527475 1077 0.517137 1081 0.511374 1078 0.510834
1975 1080 0.502664 -1 0.000000 -1 0.000000 -1 0.000000 -1 0.000000
2020 1061 0.530399 1062 0.526041 1059 0.513981 1060 0.510873 1058 0.507491
2025 1818 0.575196 1817 0.574775 1816 0.573574 1832 0.546033 1819 0.539706
2030 1841 0.535178 1274 0.525726 1820 0.522591 1273 0.522534 1272 0.522286
2040 1837 0.500284 -1 0.000000 -1 0.000000 -1 0.000000 -1 0.000000
2045 1070 0.515951 1071 0.508495 -1 0.000000 -1 0.000000 -1 0.000000
2050 1072 0.531410 1071 0.524388 1070 0.521878 1073 0.520984 1074 0.510794
2070 1193 0.500669 -1 0.000000 -1 0.000000 -1 0.000000 -1 0.000000
2155 2050 0.509441 2049 0.506691 -1 0.000000 -1 0.000000 -1 0.000000
2160 2060 0.524803 -1 0.000000 -1 0.000000 -1 0.000000 -1 0.000000
2200 926 0.549707 927 0.545543 925 0.540617 924 0.517231 928 0.512658
2225 1117 0.500355 -1 0.000000 -1 0.000000 -1 0.000000 -1 0.000000
2235 2021 0.539204 2022 0.530877 2023 0.515477 2020 0.509763 -1 0.000000
2240 2022 0.604219 2021 0.603337 2020 0.578471 2023 0.575689 2024 0.567239
2245 2021 0.505329 -1 0.000000 -1 0.000000 -1 0.000000 -1 0.000000
2250 964 0.551489 962 0.551415 963 0.549235 965 0.534089 966 0.533385
2255 1089 0.504758 -1 0.000000 -1 0.000000 -1 0.000000 -1 0.000000
2295 386 0.502627 -1 0.000000 -1 0.000000 -1 0.000000 -1 0.000000
2310 2036 0.517399 2154 0.515747 2035 0.510705 -1 0.000000 -1 0.000000
2315 2156 0.559494 2036 0.539036 2155 0.537324 2157 0.535564 2035 0.530927
2320 2058 0.590359 2061 0.589379 2044 0.585121 2045 0.575415 2060 0.569796
2325 2048 0.608912 2046 0.600168 2061 0.595193 2047 0.594157 2062 0.591804
2330 2049 0.501634 2048 0.501477 -1 0.000000 -1 0.000000 -1 0.000000
2380 1973 0.519909 2164 0.516059 1971 0.509425 1972 0.509092 1974 0.508484
2385 2082 0.512512 -1 0.000000 -1 0.000000 -1 0.000000 -1 0.000000
2470 1658 0.519990 1659 0.508312 -1 0.000000 -1 0.000000 -1 0.000000
2500 724 0.501658 -1 0.000000 -1 0.000000 -1 0.000000 -1 0.000000
2580 2027 0.547630 2028 0.537461 1269 0.536295 2026 0.533578 1276 0.532290
2585 1269 0.547963 1268 0.520746 1270 0.506700 -1 0.000000 -1 0.000000
2590 1271 0.513265 1272 0.511868 1273 0.509989 1270 0.508852 1269 0.502933
2610 1264 0.554691 1265 0.551353 1266 0.524876 1267 0.515746 1262 0.513551
2615 2031 0.507168 2024 0.502448 -1 0.000000 -1 0.000000 -1 0.000000
2620 2315 0.521228 2316 0.508645 2033 0.506214 2034 0.504880 1823 0.503183
2635 496 0.524463 493 0.523711 494 0.521789 495 0.519606 492 0.508805
2675 1980 0.565192 1978 0.555935 1979 0.552178 1981 0.545090 1977 0.516281
2920 596 0.501259 -1 0.000000 -1 0.000000 -1 0.000000 -1 0.000000
2945 386 0.522659 385 0.514715 387 0.509160 384 0.501112 -1 0.000000
2950 1492 0.502114 -1 0.000000 -1 0.000000 -1 0.000000 -1 0.000000
2955 1499 0.541002 1500 0.536247 1498 0.531113 1501 0.528605 1502 0.525857
3000 1539 0.521374 1541 0.520918 1540 0.520095 1543 0.513436 1542 0.512068
3025 333 0.538892 332 0.535488 331 0.532789 334 0.530354 330 0.518702
3070 594 0.519875 580 0.515456 577 0.513576 579 0.507578 593 0.502793
3085 863 0.566880 864 0.566096 865 0.563636 769 0.556909 866 0.555339
3090 770 0.602321 775 0.597245 789 0.594548 866 0.591184 787 0.590205
3095 736 0.526528 733 0.524441 737 0.515187 1558 0.515087 734 0.514970
3100 1557 0.574170 1558 0.563029 1559 0.545331 1556 0.534054 154 0.519445
3170 854 0.520186 -1 0.000000 -1 0.000000 -1 0.000000 -1 0.000000
3175 1644 0.518606 1645 0.512235 1646 0.509296 1498 0.509139 2500 0.506645
3185 3081 0.508482 -1 0.000000 -1 0.000000 -1 0.000000 -1 0.000000
3190 3087 0.554866 3088 0.553798 3090 0.544661 1498 0.540534 3089 0.535256
3195 1498 0.559423 1499 0.540425 1500 0.536236 3090 0.536116 1497 0.526766
3200 1503 0.515943 1493 0.508086 1498 0.506973 -1 0.000000 -1 0.000000
3210 1509 0.524407 3028 0.517037 1508 0.511114 3023 0.510933 3024 0.502337
3215 1556 0.521233 1557 0.520125 1509 0.513099 1510 0.511949 -1 0.000000
3220 369 0.514554 368 0.508759 -1 0.000000 -1 0.000000 -1 0.000000
3230 345 0.535727 346 0.521613 350 0.510981 347 0.506786 382 0.503691
3235 326 0.527633 324 0.520279 325 0.519733 323 0.515481 355 0.508480
3245 382 0.557235 383 0.540811 1557 0.524602 381 0.518334 350 0.514497
3365 1548 0.503380 -1 0.000000 -1 0.000000 -1 0.000000 -1 0.000000
3370 1554 0.548595 1555 0.526397 1544 0.524863 1551 0.519427 1545 0.518456
3385 221 0.521579 223 0.520366 222 0.518955 226 0.514145 225 0.511434
3390 227 0.560422 226 0.560332 228 0.548869 225 0.545906 223 0.541015
3395 216 0.554122 217 0.542109 219 0.535558 218 0.533017 215 0.515152
3400 219 0.585595 218 0.581505 220 0.569477 217 0.569350 221 0.559584
3415 1556 0.516131 1557 0.503873 -1 0.000000 -1 0.000000 -1 0.000000
3420 1556 0.516345 1557 0.514233 -1 0.000000 -1 0.000000 -1 0.000000
3425 1557 0.523952 1553 0.520648 1556 0.507787 1552 0.507488 -1 0.000000
3430 1556 0.635122 1557 0.633188 1555 0.608556 1554 0.587173 1553 0.586165
3435 1557 0.593598 1558 0.566690 3089 0.564893 1556 0.564774 3090 0.553211
3440 3090 0.536018 3188 0.529312 3089 0.524629 1498 0.522057 3187 0.519238
3445 1500 0.578795 1499 0.575298 3188 0.570525 1498 0.565842 3193 0.546593
3450 1691 0.639941 1690 0.629857 1692 0.625617 1689 0.624505 1693 0.608328
3455 1691 0.669020 1690 0.654279 1692 0.641243 1696 0.633616 1695 0.631711
3460 1691 0.638743 1690 0.622966 1696 0.622209 1695 0.618239 1692 0.615490
3465 1692 0.592432 1695 0.578616 1691 0.571931 1693 0.571652 1696 0.567228
3470 3101 0.559207 3102 0.553082 1646 0.518799 -1 0.000000 -1 0.000000
3475 3092 0.547718 3091 0.541792 770 0.534538 769 0.531457 1690 0.525179
3480 2941 0.518325 2943 0.515208 2942 0.500746 -1 0.000000 -1 0.000000
3485 1503 0.538024 1502 0.535430 1504 0.523000 1506 0.508874 1486 0.504383
3490 1666 0.505528 -1 0.000000 -1 0.000000 -1 0.000000 -1 0.000000
3505 763 0.544042 735 0.538402 764 0.535843 734 0.532632 767 0.531263
3510 1688 0.539003 1689 0.529751 766 0.526770 767 0.525867 1687 0.525669
3530 739 0.544966 738 0.538199 746 0.537309 745 0.534286 774 0.517551
3535 3090 0.521451 3091 0.515994 -1 0.000000 -1 0.000000 -1 0.000000
3540 1688 0.539754 368 0.534431 369 0.527878 1687 0.524515 1690 0.522486
3545 1546 0.574568 1545 0.573288 1547 0.556753 1544 0.554165 3371 0.551636
3550 228 0.565077 229 0.561668 227 0.558622 226 0.558348 1507 0.549662
3555 1507 0.574283 1508 0.569282 1509 0.567438 1545 0.559652 1648 0.555000
3560 1645 0.559426 1646 0.553402 1647 0.540719 1648 0.515545 1484 0.511876
3575 767 0.550898 768 0.549223 766 0.542904 3372 0.539582 3373 0.539011
3580 1507 0.561767 1508 0.559848 1679 0.554249 1680 0.548209 1681 0.547387
3585 1680 0.583890 1679 0.573360 1681 0.562156 1678 0.549499 1677 0.538270
3590 1681 0.520866 1680 0.504291 -1 0.000000 -1 0.000000 -1 0.000000
3595 1682 0.628576 1683 0.609682 1691 0.604621 1690 0.602040 1681 0.594346
3600 1690 0.605035 1684 0.594857 1689 0.592398 1691 0.592341 1683 0.587524
3605 1686 0.566637 1687 0.565222 1690 0.558094 1688 0.554419 1691 0.551835
3610 1689 0.539839 1687 0.539720 1686 0.539335 1688 0.529750 1682 0.523142
3615 1689 0.504671 1686 0.502483 -1 0.000000 -1 0.000000 -1 0.000000
3635 2487 0.508783 2486 0.507844 -1 0.000000 -1 0.000000 -1 0.000000
3640 229 0.520043 228 0.514243 227 0.510575 226 0.503194 -1 0.000000
3645 229 0.578212 231 0.573170 232 0.568759 230 0.568748 228 0.559237
3650 229 0.618944 232 0.613958 231 0.612971 228 0.609700 230 0.599090
3655 227 0.598817 228 0.598240 3548 0.591976 229 0.588037 226 0.587506
3665 1555 0.553849 1554 0.553123 1556 0.552406 3546 0.542272 3548 0.538103
3675 1681 0.517967 1684 0.517565 1683 0.516897 1682 0.505522 1508 0.503159
3680 1684 0.516387 1685 0.506927 -1 0.000000 -1 0.000000 -1 0.000000
3685 3508 0.531030 3509 0.520970 3507 0.520541 3510 0.520243 1688 0.513016
3690 230 0.545166 231 0.536651 232 0.530001 229 0.528927 233 0.523870
3700 228 0.609909 229 0.606050 227 0.601695 230 0.587112 226 0.579397
3705 227 0.540342 228 0.539339 230 0.536764 231 0.534173 229 0.533872
3715 3373 0.520888 3368 0.509969 3372 0.508170 3369 0.508162 3370 0.501160
3720 3373 0.566040 3372 0.564661 3374 0.554492 3377 0.548422 3378 0.541772
3725 3374 0.506289 3382 0.505837 3381 0.503902 -1 0.000000 -1 0.000000
3730 1556 0.530221 382 0.517939 3451 0.516958 3417 0.511704 3452 0.509912
3735 3507 0.606275 3544 0.589166 3508 0.583058 3545 0.578054 3546 0.571199
3740 3556 0.626044 3555 0.616457 3554 0.615500 1545 0.608631 3577 0.606367
3745 2488 0.583289 2487 0.580797 2497 0.578032 2489 0.561999 3634 0.556671
3770 3646 0.541401 3645 0.536451 3644 0.523863 3647 0.523515 3648 0.515271
3775 3652 0.546935 3653 0.545709 3646 0.538487 3643 0.531538 3651 0.531511
3840 2159 0.544521 2158 0.542755 2161 0.531498 2156 0.528358 2157 0.528081
3850 2063 0.534776 2321 0.529662 2062 0.518816 2061 0.513462 2064 0.512070
3870 2079 0.510647 -1 0.000000 -1 0.000000 -1 0.000000 -1 0.000000
3875 1819 0.502677 -1 0.000000 -1 0.000000 -1 0.000000 -1 0.000000
3880 2310 0.501996 -1 0.000000 -1 0.000000 -1 0.000000 -1 0.000000
3920 2251 0.527216 2254 0.523945 -1 0.000000 -1 0.000000 -1 0.000000
3925 2251 0.510204 -1 0.000000 -1 0.000000 -1 0.000000 -1 0.000000
3940 2321 0.571759 2322 0.564719 2324 0.558745 2323 0.558155 2318 0.557992
3945 2322 0.592699 2321 0.587606 2323 0.585859 2324 0.567619 1818 0.551923
3950 2322 0.626619 2324 0.610112 2321 0.609490 2323 0.601312 2027 0.595562
3955 2317 0.573775 2319 0.573642 2316 0.568380 2315 0.567711 2321 0.566968
3960 3824 0.516015 -1 0.000000 -1 0.000000 -1 0.000000 -1 0.000000
3985 2315 0.545595 2316 0.541195 3877 0.531569 2319 0.521210 2033 0.519614
3995 2321 0.562411 2322 0.546741 2320 0.539808 2323 0.537119 3878 0.535443
4000 2321 0.609465 2320 0.605011 2319 0.581621 2322 0.552672 2323 0.550132
4035 227 0.579731 228 0.579187 229 0.568921 226 0.565633 230 0.551284
4040 234 0.609036 230 0.605023 235 0.602552 229 0.600779 233 0.597635
4045 228 0.552587 234 0.551228 236 0.550241 235 0.548493 227 0.545369
4080 3811 0.521672 3810 0.508444 3812 0.506135 -1 0.000000 -1 0.000000
4090 2022 0.511130 2020 0.507165 2019 0.503382 2018 0.501063 2021 0.500873
4095 1169 0.518020 2022 0.508427 1168 0.506034 2021 0.502281 1170 0.500343
4110 1971 0.570832 1972 0.556649 1970 0.550661 1973 0.543145 1966 0.540115
4115 1958 0.601001 1959 0.599463 1957 0.572022 1960 0.567885 1947 0.563191
4120 1962 0.509759 1956 0.504073 1961 0.500418 1958 0.500021 -1 0.000000
4125 1964 0.681705 1965 0.680739 1966 0.655080 1945 0.654770 1946 0.652394
4130 1947 0.676004 1958 0.675958 1959 0.675748 1948 0.673446 1960 0.658784
4135 1958 0.653411 1959 0.648174 1948 0.636941 1947 0.636021 1960 0.629494
4140 1967 0.657547 1968 0.647897 1959 0.642997 1958 0.636339 1966 0.633722
4145 1961 0.564745 1962 0.560528 1960 0.560316 1963 0.550627 1959 0.549908
4150 1971 0.560818 1968 0.558132 1970 0.557276 1969 0.555051 1967 0.550059
4200 960 0.525476 959 0.524382 961 0.510037 962 0.507779 -1 0.000000
4205 935 0.851061 934 0.845668 933 0.841039 936 0.835679 932 0.820579
4210 941 0.931249 940 0.925295 942 0.905134 939 0.884410 943 0.862682
4215 946 0.957267 947 0.910390 945 0.882620 944 0.809982 948 0.804338
4220 952 0.953559 953 0.931721 951 0.882869 954 0.845825 950 0.796263
4225 958 0.929974 959 0.921577 960 0.797749 957 0.788564 956 0.716035
4230 965 0.949744 966 0.909101 964 0.909019 963 0.844665 967 0.834871
4235 971 0.885841 972 0.885648 973 0.838413 970 0.805802 978 0.805515
4240 978 0.940166 977 0.890433 979 0.862002 976 0.848662 975 0.818490
4245 985 0.924841 984 0.904298 986 0.876222 983 0.864183 987 0.814015
4250 992 0.906866 993 0.882115 991 0.848577 994 0.824991 990 0.818351
4255 1001 0.890122 1002 0.846563 1000 0.832030 1003 0.796381 999 0.788819
4260 1012 0.902181 1011 0.893318 1013 0.879275 1010 0.875080 1014 0.833218
4265 1022 0.902084 1023 0.892609 1021 0.878363 1024 0.856431 1020 0.828051
4270 1025 0.523552 1024 0.514843 1023 0.506628 1026 0.505500 -1 0.000000
4275 1373 0.504412 -1 0.000000 -1 0.000000 -1 0.000000 -1 0.000000
4280 2163 0.500125 -1 0.000000 -1 0.000000 -1 0.000000 -1 0.000000
4285 3940 0.528089 2159 0.506798 2162 0.504191 -1 0.000000 -1 0.000000
4300 972 0.524834 970 0.521446 971 0.518985 973 0.509893 -1 0.000000
4320 959 0.533406 960 0.529106 958 0.518592 961 0.515743 926 0.513037
4335 4229 0.614415 968 0.604569 969 0.601670 970 0.591877 4230 0.585258
4340 969 0.648826 968 0.648653 4232 0.647644 4233 0.643998 967 0.623758
4345 4233 0.582109 972 0.573445 970 0.567548 971 0.566994 4232 0.560135
4355 2054 0.512424 -1 0.000000 -1 0.000000 -1 0.000000 -1 0.000000
4360 1081 0.501474 -1 0.000000 -1 0.000000 -1 0.000000 -1 0.000000
4375 971 0.584201 972 0.578958 973 0.574490 974 0.571128 975 0.566001
4380 974 0.515769 975 0.509565 973 0.509309 972 0.502837 971 0.502418
4385 940 0.579632 942 0.571368 939 0.566197 4208 0.560068 4209 0.559026
4390 940 0.547531 942 0.543675 944 0.542541 939 0.539156 927 0.539155
4395 1804 0.641327 1805 0.626801 1807 0.624690 1808 0.618639 1803 0.614178
4400 1810 0.794702 1811 0.793096 1809 0.791630 1808 0.775209 1807 0.758201
4405 1813 0.919093 1814 0.902977 1812 0.898279 1815 0.843559 1811 0.828144
4410 1820 0.945367 1819 0.939814 1818 0.869787 1821 0.862579 1817 0.789810
4415 1826 0.952871 1827 0.930268 1825 0.928718 1824 0.892913 1828 0.882446
4420 1833 0.925832 1832 0.908757 1834 0.818428 1831 0.806561 1818 0.742596
4425 1838 0.944640 1839 0.942684 1837 0.911052 1840 0.896721 1836 0.863013
4430 1844 0.933779 1845 0.889024 1843 0.885251 1846 0.857280 1842 0.838186
4435 1849 0.942030 1850 0.940379 1848 0.895002 1851 0.885080 1852 0.850245
4440 1854 0.934153 1855 0.925262 1853 0.851307 1856 0.818680 1852 0.752649
4445 1860 0.963442 1859 0.953487 1861 0.928182 1858 0.900129 1862 0.875732
4450 1865 0.961587 1864 0.942869 1866 0.905606 1863 0.862757 1867 0.812997
4455 1870 0.901837 1869 0.900271 1871 0.804202 1868 0.801179 1867 0.734003
4460 1875 0.949305 1874 0.908844 1876 0.897480 1873 0.851460 1877 0.846313
4465 1880 0.966714 1881 0.936417 1879 0.932600 1878 0.874161 1882 0.864434
4470 1886 0.920076 1885 0.912238 1887 0.888236 1888 0.856534 1889 0.848688
4475 1891 0.878630 1890 0.824418 1892 0.803532 1903 0.777994 1904 0.770929
4480 1896 0.926587 1897 0.903981 1898 0.870113 1895 0.810171 1899 0.784940
4485 1901 0.949285 1902 0.930497 1900 0.878890 1903 0.841179 1907 0.831888
4490 1906 0.967619 1907 0.951943 1908 0.911616 1909 0.881740 1905 0.875909
4495 1911 0.981486 1910 0.938381 1912 0.931417 1909 0.895005 1913 0.887466
4500 1916 0.971969 1917 0.936692 1914 0.906722 1915 0.906309 1918 0.895888
4505 1921 0.978507 1920 0.950551 1922 0.947751 1919 0.929916 1918 0.908367
4510 1926 0.976580 1927 0.957571 1925 0.935265 1928 0.918114 1924 0.899575
4515 1931 0.980883 1932 0.956824 1930 0.943313 1929 0.905112 1933 0.898995
4520 1936 0.985839 1937 0.964227 1938 0.943660 1935 0.922971 1939 0.908310
4525 1941 0.986641 1940 0.940572 1942 0.940288 1943 0.911066 1939 0.889545
4530 1946 0.980945 1947 0.954426 1945 0.946231 1944 0.908350 1948 0.884700
4535 1951 0.972211 1952 0.962895 1950 0.936008 1953 0.934645 1949 0.908624
4540 1957 0.974107 1956 0.949581 1958 0.941160 1959 0.923932 1955 0.902993
4545 1962 0.974864 1963 0.958666 1961 0.941960 1960 0.913606 1964 0.902089
4550 1968 0.981736 1969 0.944960 1967 0.940622 1970 0.883015 1966 0.874844
4555 1975 0.967412 1974 0.956465 1976 0.902929 1973 0.901547 1977 0.878418
4560 1982 0.960140 1983 0.930706 1981 0.908473 1984 0.853629 1980 0.850222
4565 1990 0.860479 1991 0.857455 1989 0.847746 1992 0.838534 1993 0.806799
4570 1992 0.506132 -1 0.000000 -1 0.000000 -1 0.000000 -1 0.000000
4575 1938 0.500901 -1 0.000000 -1 0.000000 -1 0.000000 -1 0.000000
4615 2008 0.511135 2007 0.500248 -1 0.000000 -1 0.000000 -1 0.000000
4625 229 0.532180 228 0.527245 226 0.523727 225 0.521018 227 0.518522
4630 4194 0.550203 4195 0.533664 4193 0.528818 1818 0.523318 4408 0.515158
4635 1824 0.502711 -1 0.000000 -1 0.000000 -1 0.000000 -1 0.000000
4640 4123 0.509154 4122 0.508745 4124 0.504610 -1 0.000000 -1 0.000000
